Date,Open,High,Low,Close,Volume,Adj Close
2015-12-28,8.35,8.40,8.21,8.29,35951800,8.29
2015-12-25,8.41,8.41,8.41,8.41,000,8.41
2015-12-24,8.58,8.58,8.39,8.41,54712900,8.41
2015-12-23,7.92,8.18,7.88,8.16,44403400,8.16
2015-12-22,7.80,7.91,7.80,7.85,43411700,7.85
2015-12-21,7.78,8.00,7.78,7.86,46946900,7.86
2015-12-18,7.77,7.90,7.75,7.85,69904000,7.85
2015-12-17,8.10,8.10,7.89,7.99,87080400,7.99
2015-12-16,8.10,8.26,8.05,8.17,68769000,8.17
2015-12-15,7.80,8.07,7.80,7.90,62152700,7.90
2015-12-14,7.70,7.87,7.66,7.82,80016300,7.82
2015-12-11,8.10,8.13,7.92,7.94,89828400,7.94
2015-12-10,8.29,8.31,8.12,8.17,94904000,8.17
2015-12-09,8.31,8.46,8.27,8.42,97014500,8.42
2015-12-08,8.35,8.38,8.21,8.30,140025700,8.30
2015-12-07,8.95,8.95,8.57,8.60,120985000,8.60
2015-12-04,8.80,9.09,8.74,9.04,131902300,9.04
2015-12-03,8.52,8.94,8.47,8.92,84495000,8.92
2015-12-02,8.86,8.87,8.75,8.85,69579400,8.85
2015-12-01,8.68,8.85,8.61,8.83,82985100,8.83
2015-11-30,8.37,8.78,8.36,8.58,130693700,8.58
2015-11-27,8.80,8.81,8.50,8.51,77618900,8.51
2015-11-26,8.86,8.90,8.73,8.75,52211000,8.75
2015-11-25,8.65,8.87,8.55,8.81,115040800,8.81
2015-11-24,8.42,8.59,8.38,8.53,61447100,8.53
2015-11-23,8.51,8.59,8.32,8.49,60304700,8.49
2015-11-20,8.31,8.59,8.30,8.55,50244300,8.55
2015-11-19,8.24,8.37,8.13,8.33,63828600,8.33
2015-11-18,8.33,8.38,8.08,8.13,77647600,8.13
2015-11-17,8.35,8.48,8.33,8.36,54959600,8.36
2015-11-16,8.05,8.19,8.05,8.10,59528900,8.10
2015-11-13,8.40,8.41,8.30,8.32,79767600,8.32
2015-11-12,8.39,8.73,8.36,8.68,58188100,8.68
2015-11-11,8.50,8.59,8.42,8.43,63610400,8.43
2015-11-10,8.65,8.75,8.57,8.60,62667300,8.60
2015-11-09,8.85,8.99,8.73,8.76,48590900,8.76
2015-11-06,9.10,9.20,8.95,8.98,61435500,8.98
2015-11-05,9.10,9.23,9.07,9.20,66531400,9.20
2015-11-04,9.10,9.35,9.05,9.25,123230900,9.25
2015-11-03,8.70,8.85,8.70,8.78,44932100,8.78
2015-11-02,8.75,8.77,8.58,8.61,35075300,8.61
2015-10-30,8.86,8.86,8.66,8.69,77900300,8.69
2015-10-29,8.76,8.98,8.76,8.86,124914400,8.86
2015-10-28,8.65,8.66,8.56,8.57,57345600,8.57
2015-10-27,8.77,8.80,8.68,8.74,63683100,8.74
2015-10-26,9.07,9.07,8.85,8.87,51349900,8.87
2015-10-23,9.00,9.06,8.86,8.93,84670200,8.93
2015-10-22,9.05,9.10,8.86,8.89,64830200,8.89
2015-10-21,9.15,9.15,9.15,9.15,000,9.15
2015-10-20,9.12,9.23,9.05,9.15,42661300,9.15
2015-10-19,9.24,9.32,9.15,9.29,31730300,9.29
2015-10-16,9.37,9.39,9.05,9.21,139463100,9.21
2015-10-15,9.19,9.35,9.10,9.32,70986500,9.32
2015-10-14,8.90,9.20,8.90,9.06,54149800,9.06
2015-10-13,9.23,9.23,8.95,9.13,90959600,9.13
2015-10-12,9.55,9.55,9.33,9.44,61486400,9.44
2015-10-09,9.30,9.60,9.13,9.27,163157300,9.27
2015-10-08,9.42,9.42,8.85,8.95,118304300,8.95
2015-10-07,8.75,9.54,8.64,9.52,216886900,9.52
2015-10-06,8.44,8.53,8.33,8.37,177173400,8.37
2015-10-05,8.35,8.38,8.14,8.25,77130400,8.25
2015-10-02,8.08,8.19,7.93,8.18,109146600,8.18
2015-10-01,7.93,7.93,7.93,7.93,000,7.93
2015-09-30,7.66,7.95,7.66,7.93,99837500,7.93
2015-09-29,7.68,7.68,7.41,7.44,103036200,7.44
2015-09-28,8.06,8.06,8.06,8.06,000,8.06
2015-09-25,7.88,8.10,7.80,8.06,74802000,8.06
2015-09-24,8.04,8.09,7.90,7.91,46286500,7.91
2015-09-23,8.26,8.33,8.00,8.05,74198900,8.05
2015-09-22,8.42,8.58,8.40,8.44,40124100,8.44
2015-09-21,8.41,8.43,8.28,8.38,66522900,8.38
2015-09-18,8.69,8.73,8.50,8.68,71448200,8.68
2015-09-17,8.74,8.87,8.63,8.69,72762500,8.69
2015-09-16,8.68,8.71,8.44,8.68,49163000,8.68
2015-09-15,8.53,8.75,8.48,8.51,59021800,8.51
2015-09-14,8.61,8.73,8.52,8.57,41585100,8.57
2015-09-11,8.92,8.92,8.54,8.57,60414700,8.57
2015-09-10,8.90,8.90,8.63,8.80,92296300,8.80
2015-09-09,9.23,9.45,9.06,9.42,79661300,9.17
2015-09-08,8.68,9.08,8.54,9.02,55979900,8.781
2015-09-07,8.69,8.94,8.67,8.68,54165400,8.45
2015-09-04,9.06,9.06,8.70,8.80,67960000,8.566
2015-09-03,8.84,8.84,8.84,8.84,000,8.605
2015-09-02,8.90,9.09,8.62,8.84,95323000,8.605
2015-09-01,9.78,9.78,9.19,9.22,83832200,8.975
2015-08-31,9.34,9.77,9.25,9.61,113126500,9.355
2015-08-28,10.38,10.38,9.21,9.24,135342000,8.995
2015-08-27,8.59,9.34,8.51,9.22,230547500,8.975
2015-08-26,7.91,8.34,7.83,8.06,90983400,7.846
2015-08-25,7.94,8.18,7.60,7.91,114433900,7.70
2015-08-24,8.35,8.49,8.07,8.10,88591000,7.885
2015-08-21,8.95,9.02,8.76,8.82,92592900,8.586
2015-08-20,9.31,9.42,9.06,9.11,82272900,8.868
2015-08-19,9.54,9.62,9.40,9.41,61103900,9.16
2015-08-18,9.72,9.79,9.45,9.47,35570200,9.219
2015-08-17,9.74,9.80,9.52,9.64,39419600,9.384
2015-08-14,10.04,10.04,9.74,9.86,54512700,9.598
2015-08-13,10.00,10.16,9.96,10.02,61889900,9.754
2015-08-12,9.84,9.99,9.72,9.88,62647100,9.618
2015-08-11,9.70,10.06,9.70,9.93,91103100,9.666
2015-08-10,9.58,9.58,9.37,9.54,43093900,9.287
2015-08-07,9.74,9.75,9.56,9.63,47721500,9.374
2015-08-06,9.69,9.71,9.48,9.55,60600900,9.297
2015-08-05,9.47,9.73,9.45,9.69,52987700,9.433
2015-08-04,9.38,9.47,9.36,9.43,44730000,9.18
2015-08-03,9.52,9.56,9.39,9.47,44985400,9.219
2015-07-31,9.79,9.80,9.52,9.61,50945400,9.355
2015-07-30,9.85,9.85,9.66,9.72,55258000,9.462
2015-07-29,9.77,9.84,9.57,9.66,69312900,9.404
2015-07-28,9.51,9.81,9.38,9.62,81269300,9.365
2015-07-27,9.76,9.76,9.36,9.37,85210800,9.121
2015-07-24,9.85,9.88,9.78,9.80,57482700,9.54
2015-07-23,9.83,9.95,9.83,9.91,47099700,9.647
2015-07-22,9.94,10.04,9.91,9.95,54042500,9.686
2015-07-21,10.06,10.10,9.95,9.99,54961300,9.725
2015-07-20,10.24,10.24,10.04,10.06,32132200,9.793
2015-07-17,10.06,10.28,10.06,10.16,42033700,9.89
2015-07-16,10.16,10.16,10.00,10.12,34417700,9.851
2015-07-15,10.00,10.14,10.00,10.10,55608600,9.832
2015-07-14,10.34,10.38,10.00,10.06,70738400,9.793
2015-07-13,10.04,10.30,9.96,10.24,81975100,9.968
2015-07-10,9.96,10.34,9.96,10.14,98575600,9.871
2015-07-09,9.71,10.06,9.69,9.96,108408500,9.696
2015-07-08,10.40,10.40,9.41,9.64,184831400,9.384
2015-07-07,10.70,10.76,10.50,10.52,83686400,10.241
2015-07-06,10.96,11.14,10.70,10.74,84387300,10.455
2015-07-03,11.08,11.14,10.96,11.02,62193300,10.728
2015-07-02,10.88,11.08,10.88,10.94,79735700,10.65
2015-07-01,11.00,11.00,11.00,11.00,000,10.708
2015-06-30,11.02,11.14,10.86,11.00,76441200,10.708
2015-06-29,11.06,11.12,10.84,10.94,74239500,10.65
2015-06-26,11.22,11.22,11.02,11.12,70455400,10.825
2015-06-25,11.50,11.56,11.32,11.34,75008700,11.039
2015-06-24,11.36,11.52,11.30,11.46,64783100,11.156
2015-06-23,11.12,11.36,11.06,11.22,70317400,10.922
2015-06-22,11.08,11.16,11.00,11.08,55395000,10.786
2015-06-19,11.06,11.22,11.00,11.02,68492100,10.728
2015-06-18,11.22,11.22,10.96,10.98,90111900,10.689
2015-06-17,11.30,11.36,11.10,11.14,85303100,10.844
2015-06-16,11.50,11.64,11.22,11.26,88517200,10.961
2015-06-15,11.60,11.70,11.48,11.56,29970900,11.253
2015-06-12,11.70,11.90,11.58,11.72,69340900,11.409
2015-06-11,11.72,11.82,11.62,11.68,65327400,11.37
2015-06-10,11.84,11.88,11.56,11.58,62910200,11.273
2015-06-09,11.80,11.82,11.64,11.72,45358900,11.409
2015-06-08,11.64,11.80,11.60,11.76,37595000,11.448
2015-06-05,12.04,12.04,11.70,11.72,56832100,11.409
2015-06-04,12.22,12.22,11.70,11.92,80689300,11.604
2015-06-03,12.38,12.64,12.20,12.42,82545900,11.779
2015-06-02,12.06,12.24,12.06,12.20,47922300,11.57
2015-06-01,12.02,12.30,12.02,12.16,59665600,11.532
2015-05-29,12.36,12.36,12.10,12.12,89434700,11.494
2015-05-28,12.54,12.58,12.26,12.38,85528900,11.741
2015-05-27,12.66,12.78,12.42,12.68,58119000,12.025
2015-05-26,12.84,13.06,12.62,12.74,78995400,12.082
2015-05-25,12.68,12.68,12.68,12.68,000,12.025
2015-05-22,12.50,12.80,12.50,12.68,67452100,12.025
2015-05-21,12.34,12.48,12.22,12.44,37841300,11.798
2015-05-20,12.50,12.50,12.20,12.34,59996800,11.703
2015-05-19,12.48,12.52,12.30,12.40,40064700,11.76
2015-05-18,12.50,12.56,12.26,12.42,50019300,11.779
2015-05-15,12.48,12.72,12.28,12.58,54250500,11.931
2015-05-14,12.66,12.74,12.40,12.48,69901600,11.836
2015-05-13,12.80,13.00,12.70,12.78,57085600,12.12
2015-05-12,12.80,12.84,12.68,12.74,39198200,12.082
2015-05-11,12.88,12.94,12.74,12.86,53291200,12.196
2015-05-08,12.82,12.90,12.54,12.68,93326600,12.025
2015-05-07,13.06,13.16,12.86,12.96,66255000,12.291
2015-05-06,13.26,13.26,13.08,13.12,66093300,12.443
2015-05-05,13.26,13.28,12.94,13.04,59320900,12.367
2015-05-04,13.06,13.32,13.06,13.18,55229500,12.50
2015-05-01,13.14,13.14,13.14,13.14,000,12.462
2015-04-30,13.28,13.28,13.00,13.14,67560000,12.462
2015-04-29,13.20,13.22,12.84,13.06,70057900,12.386
2015-04-28,13.38,13.46,13.16,13.30,96661600,12.613
2015-04-27,13.08,13.78,13.02,13.42,143358600,12.727
2015-04-24,13.18,13.18,12.94,13.12,79356600,12.443
2015-04-23,13.00,13.10,12.80,12.90,96299500,12.234
2015-04-22,12.98,13.06,12.88,12.96,90750000,12.291
2015-04-21,13.00,13.24,12.82,13.12,111139100,12.443
2015-04-20,13.24,13.24,12.66,12.86,131050400,12.196
2015-04-17,13.56,13.58,13.04,13.32,147509300,12.632
2015-04-16,13.18,13.58,13.08,13.34,239394700,12.651
2015-04-15,12.68,13.00,12.64,12.90,202681400,12.234
2015-04-14,12.14,12.58,12.14,12.42,148083900,11.779
2015-04-13,12.24,12.28,12.02,12.26,99360300,11.627
2015-04-10,12.20,12.28,11.80,12.10,118571100,11.475
2015-04-09,11.98,12.48,11.86,11.94,159686300,11.324
2015-04-08,11.58,11.98,11.54,11.80,193662000,11.191
2015-04-07,11.18,11.18,11.18,11.18,000,10.603
2015-04-06,11.18,11.18,11.18,11.18,000,10.603
2015-04-03,11.18,11.18,11.18,11.18,000,10.603
2015-04-02,11.14,11.20,11.10,11.18,66981800,10.603
2015-04-01,11.04,11.08,10.98,11.04,58641500,10.47
2015-03-31,11.12,11.14,10.90,10.96,111523400,10.394
2015-03-30,10.86,10.90,10.78,10.80,96710300,10.243
2015-03-27,10.48,10.64,10.44,10.50,49837700,9.958
2015-03-26,10.44,10.68,10.42,10.56,66840000,10.015
2015-03-25,10.40,10.42,10.32,10.40,32313300,9.863
2015-03-24,10.30,10.42,10.30,10.34,29250200,9.806
2015-03-23,10.40,10.48,10.28,10.42,49139900,9.882
2015-03-20,10.32,10.58,10.32,10.54,46115400,9.996
2015-03-19,10.56,10.62,10.40,10.56,46974500,10.015
2015-03-18,10.28,10.46,10.16,10.40,49116900,9.863
2015-03-17,10.28,10.32,10.14,10.22,43940800,9.692
2015-03-16,10.30,10.36,10.24,10.28,50656100,9.749
2015-03-13,10.38,10.44,10.30,10.34,43512800,9.806
2015-03-12,10.40,10.44,10.34,10.38,47482700,9.844
2015-03-11,10.46,10.48,10.34,10.38,76576600,9.844
2015-03-10,10.74,10.76,10.52,10.60,68926400,10.053
2015-03-09,10.88,10.92,10.80,10.86,39416600,10.299
2015-03-06,10.80,10.98,10.80,10.94,44022600,10.375
2015-03-05,10.88,10.98,10.82,10.88,38853700,10.318
2015-03-04,11.12,11.12,10.84,10.96,34935300,10.394
2015-03-03,11.04,11.14,10.96,11.06,62125600,10.489
2015-03-02,11.18,11.22,11.04,11.18,46334700,10.603
2015-02-27,11.00,11.24,11.00,11.14,53928000,10.565
2015-02-26,10.96,11.18,10.92,11.16,72922400,10.584
2015-02-25,10.98,11.04,10.84,10.90,44548800,10.337
2015-02-24,11.04,11.04,10.84,10.96,55030900,10.394
2015-02-23,11.24,11.24,11.02,11.06,66825800,10.489
2015-02-20,11.38,11.38,11.38,11.38,000,10.793
2015-02-19,11.38,11.38,11.38,11.38,000,10.793
2015-02-18,11.18,11.44,11.18,11.38,78204500,10.793
2015-02-17,10.92,11.10,10.92,11.08,31214500,10.508
2015-02-16,11.04,11.10,11.00,11.06,49907500,10.489
2015-02-13,10.80,10.96,10.76,10.94,83899000,10.375
2015-02-12,10.70,10.76,10.62,10.72,60888800,10.167
2015-02-11,11.04,11.04,10.76,10.82,68346200,10.261
2015-02-10,11.00,11.08,10.92,10.94,42727300,10.375
2015-02-09,11.08,11.08,10.92,10.94,46085400,10.375
2015-02-06,10.98,11.02,10.92,10.98,69379000,10.413
2015-02-05,11.10,11.12,10.72,10.86,100324300,10.299
2015-02-04,11.24,11.28,11.08,11.10,191271900,10.527
2015-02-03,10.58,10.72,10.54,10.64,146854000,10.091
2015-02-02,10.28,10.34,10.22,10.28,57554000,9.749
2015-01-30,10.34,10.34,10.02,10.18,70206000,9.655
2015-01-29,10.16,10.24,10.14,10.20,103957300,9.673
2015-01-28,10.54,10.56,10.38,10.46,63251800,9.92
2015-01-27,10.58,10.60,10.44,10.48,45333100,9.939
2015-01-26,10.60,10.60,10.42,10.54,62506300,9.996
2015-01-23,10.64,10.72,10.62,10.68,96908200,10.129
2015-01-22,10.62,10.68,10.52,10.62,68031600,10.072
2015-01-21,10.50,10.56,10.44,10.52,68398000,9.977
2015-01-20,10.56,10.58,10.42,10.54,67350300,9.996
2015-01-19,10.50,10.64,10.42,10.56,75628900,10.015
2015-01-16,10.40,10.54,10.36,10.42,56180200,9.882
2015-01-15,10.54,10.56,10.40,10.46,66152100,9.92
2015-01-14,10.48,10.54,10.34,10.38,65970000,9.844
2015-01-13,10.40,10.58,10.32,10.46,71885800,9.92
2015-01-12,10.56,10.70,10.44,10.64,39608300,10.091
2015-01-09,10.60,10.82,10.56,10.62,104673500,10.072
2015-01-08,10.40,10.48,10.34,10.46,57732400,9.92
2015-01-07,10.14,10.38,10.10,10.28,64156600,9.749
2015-01-06,10.40,10.42,10.16,10.30,119619500,9.768
2015-01-05,10.46,10.76,10.44,10.64,64928600,10.091
2015-01-02,10.54,10.68,10.46,10.62,37897300,10.072
2015-01-01,10.44,10.44,10.44,10.44,000,9.901
2014-12-31,10.40,10.48,10.38,10.44,21510500,9.901
2014-12-30,10.70,10.74,10.32,10.38,50218700,9.844
2014-12-29,10.76,10.82,10.68,10.74,64385100,10.186
2014-12-26,10.56,10.56,10.56,10.56,000,10.015
2014-12-25,10.56,10.56,10.56,10.56,000,10.015
2014-12-24,10.48,10.62,10.48,10.56,24785600,10.015
2014-12-23,10.50,10.62,10.38,10.46,59776800,9.92
2014-12-22,10.36,10.64,10.36,10.62,149177300,10.072
2014-12-19,10.12,10.24,10.02,10.12,101811000,9.598
2014-12-18,10.18,10.28,10.02,10.10,163506500,9.579
2014-12-17,9.78,10.20,9.72,9.87,149675300,9.361
2014-12-16,9.91,9.97,9.77,9.80,122765900,9.294
2014-12-15,9.88,10.28,9.72,10.14,109821000,9.617
2014-12-12,9.93,10.14,9.93,10.06,74049100,9.541
2014-12-11,9.97,10.12,9.82,10.06,134268100,9.541
2014-12-10,10.00,10.28,9.99,10.22,97279400,9.692
2014-12-09,10.26,10.26,10.02,10.06,146302400,9.541
2014-12-08,10.62,10.64,10.44,10.52,96104300,9.977
2014-12-05,10.96,10.98,10.60,10.78,103086900,10.224
2014-12-04,10.60,11.00,10.56,10.98,113299800,10.413
2014-12-03,10.80,10.84,10.40,10.48,124724300,9.939
2014-12-02,10.86,10.96,10.80,10.84,123688500,10.28
2014-12-01,10.90,11.00,10.68,10.72,159165900,10.167
2014-11-28,11.32,11.40,11.18,11.34,200647100,10.755
2014-11-27,12.04,12.06,11.90,12.00,43576500,11.381
2014-11-26,12.00,12.16,11.92,12.08,75382300,11.456
2014-11-25,12.10,12.30,12.00,12.20,70216600,11.57
2014-11-24,12.40,12.42,12.14,12.26,140232800,11.627
2014-11-21,11.48,11.96,11.48,11.88,112900900,11.267
2014-11-20,11.38,11.66,11.34,11.48,66974200,10.887
2014-11-19,11.30,11.34,11.22,11.26,54129200,10.679
2014-11-18,11.62,11.76,11.32,11.36,73811700,10.774
2014-11-17,11.82,11.82,11.54,11.62,52851800,11.02
2014-11-14,11.64,11.70,11.54,11.60,64756800,11.001
2014-11-13,11.76,11.84,11.70,11.72,58691200,11.115
2014-11-12,11.80,11.86,11.68,11.84,42236800,11.229
2014-11-11,11.90,11.90,11.68,11.84,72630800,11.229
2014-11-10,12.08,12.16,11.94,11.94,67025700,11.324
2014-11-07,11.84,11.84,11.62,11.78,39199900,11.172
2014-11-06,11.84,11.90,11.72,11.78,99321900,11.172
2014-11-05,11.98,12.00,11.66,11.68,112634000,11.077
2014-11-04,12.02,12.12,12.00,12.02,79352900,11.40
2014-11-03,12.28,12.28,12.08,12.18,60247400,11.551
2014-10-31,12.08,12.24,11.96,12.18,92174100,11.551
2014-10-30,12.00,12.08,11.82,12.00,171519300,11.381
2014-10-29,12.52,12.66,12.44,12.56,73428500,11.912
2014-10-28,12.26,12.54,12.16,12.44,62646300,11.798
2014-10-27,12.46,12.46,12.26,12.32,38084600,11.684
2014-10-24,12.50,12.52,12.30,12.44,62985800,11.798
2014-10-23,12.44,12.54,12.34,12.44,51202900,11.798
2014-10-22,12.52,12.72,12.38,12.64,75677500,11.988
2014-10-21,12.38,12.58,12.36,12.48,49953100,11.836
2014-10-20,12.56,12.72,12.42,12.54,74959700,11.893
2014-10-17,12.04,12.50,12.04,12.46,131952900,11.817
2014-10-16,12.20,12.20,11.98,12.00,122228400,11.381
2014-10-15,12.28,12.40,12.18,12.26,106578100,11.627
2014-10-14,12.74,12.84,12.50,12.52,136772800,11.874
2014-10-13,12.68,13.02,12.68,12.92,57579600,12.253
2014-10-10,13.18,13.22,12.90,12.92,103542100,12.253
2014-10-09,13.40,13.50,13.34,13.46,29713400,12.765
2014-10-08,13.40,13.52,13.16,13.34,45560900,12.651
2014-10-07,13.20,13.68,13.16,13.52,67978800,12.822
2014-10-06,13.18,13.42,13.10,13.32,58775100,12.632
2014-10-03,13.38,13.38,12.96,13.14,99718600,12.462
2014-10-02,13.32,13.32,13.32,13.32,000,12.632
2014-10-01,13.32,13.32,13.32,13.32,000,12.632
2014-09-30,13.58,13.58,13.20,13.32,69125900,12.632
2014-09-29,13.68,13.82,13.48,13.56,62649900,12.86
2014-09-26,13.80,13.94,13.80,13.88,38105400,13.164
2014-09-25,14.12,14.18,13.88,13.94,46533500,13.22
2014-09-24,13.90,14.22,13.90,14.16,39292300,13.429
2014-09-23,14.10,14.10,13.92,13.96,44639400,13.239
2014-09-22,14.02,14.16,13.90,14.10,46992600,13.372
2014-09-19,14.30,14.30,14.02,14.10,57990400,13.372
2014-09-18,14.22,14.30,14.16,14.26,44268800,13.524
2014-09-17,14.34,14.58,14.34,14.46,58064600,13.714
2014-09-16,14.02,14.32,13.96,14.18,42368000,13.448
2014-09-15,14.02,14.18,13.94,14.10,70873800,13.372
2014-09-12,14.48,14.66,14.26,14.30,107088100,13.562
2014-09-11,14.60,14.72,14.46,14.64,84742200,13.884
2014-09-10,15.28,15.34,14.94,15.06,75033800,14.046
2014-09-09,15.58,15.58,15.58,15.58,000,14.53
2014-09-08,15.50,15.68,15.40,15.58,38091800,14.53
2014-09-05,15.80,15.80,15.26,15.46,54939600,14.419
2014-09-04,15.62,15.66,15.50,15.54,36366500,14.493
2014-09-03,15.20,15.76,15.06,15.68,114188300,14.624
2014-09-02,15.54,15.60,15.40,15.46,56839000,14.419
2014-09-01,15.66,15.66,15.50,15.64,46350000,14.586
2014-08-29,15.40,15.70,15.32,15.58,105002400,14.53
2014-08-28,15.46,15.48,15.08,15.14,51585700,14.12
2014-08-27,15.40,15.46,15.06,15.16,71819000,14.139
2014-08-26,15.40,15.64,15.24,15.40,53629100,14.363
2014-08-25,15.08,15.40,15.02,15.30,44286400,14.269
2014-08-22,15.20,15.20,15.04,15.12,57090400,14.101
2014-08-21,15.14,15.26,14.96,15.18,82900300,14.157
2014-08-20,15.46,15.48,15.04,15.16,71573900,14.139
2014-08-19,15.30,15.88,15.22,15.40,177540100,14.363
2014-08-18,14.92,15.44,14.74,15.24,183994500,14.213
2014-08-15,14.58,14.80,14.46,14.70,71432800,13.71
2014-08-14,14.46,14.76,14.46,14.64,97942100,13.654
2014-08-13,14.32,14.56,14.20,14.54,80635700,13.561
2014-08-12,14.46,14.46,14.24,14.34,49325500,13.374
2014-08-11,14.22,14.42,14.12,14.34,84568900,13.374
2014-08-08,13.90,14.26,13.86,14.16,78395000,13.206
2014-08-07,14.06,14.06,13.84,13.92,30810400,12.982
2014-08-06,14.00,14.00,13.86,13.98,29786200,13.038
2014-08-05,14.18,14.18,13.96,14.04,42023000,13.094
2014-08-04,13.82,14.16,13.78,14.10,72033600,13.15
2014-08-01,13.88,13.88,13.68,13.78,58148800,12.852
2014-07-31,13.92,14.00,13.78,13.88,58300900,12.945
2014-07-30,13.78,14.04,13.78,13.96,83772200,13.02
2014-07-29,13.92,13.94,13.78,13.82,56927200,12.889
2014-07-28,14.10,14.28,13.92,13.98,53238900,13.038
2014-07-25,13.88,14.04,13.82,14.02,46232200,13.076
2014-07-24,13.96,13.98,13.82,13.92,41478500,12.982
2014-07-23,13.82,13.88,13.76,13.88,46694600,12.945
2014-07-22,13.54,13.74,13.48,13.72,55968400,12.796
2014-07-21,13.52,13.56,13.36,13.46,37620800,12.553
2014-07-18,13.42,13.50,13.36,13.48,42586500,12.572
2014-07-17,13.58,13.58,13.46,13.56,42515900,12.647
2014-07-16,13.52,13.54,13.36,13.48,42788700,12.572
2014-07-15,13.52,13.62,13.38,13.46,51798200,12.553
2014-07-14,13.40,13.56,13.34,13.36,53038300,12.46
2014-07-11,13.38,13.50,13.34,13.38,61662800,12.479
2014-07-10,13.46,13.54,13.34,13.44,55939600,12.535
2014-07-09,13.40,13.56,13.38,13.46,76084500,12.553
2014-07-08,13.72,13.76,13.54,13.64,55133000,12.721
2014-07-07,13.70,13.70,13.46,13.60,58593100,12.684
2014-07-04,14.10,14.10,13.60,13.68,88178300,12.758
2014-07-03,14.16,14.16,13.96,14.04,38621000,13.094
2014-07-02,13.82,14.14,13.82,14.08,47593600,13.132
2014-07-01,13.92,13.92,13.92,13.92,000,12.982
2014-06-30,14.12,14.12,13.72,13.92,52952500,12.982
2014-06-27,13.82,14.06,13.80,13.86,41473800,12.926
2014-06-26,13.66,13.88,13.52,13.82,44570500,12.889
2014-06-25,13.68,13.68,13.44,13.48,33521600,12.572
2014-06-24,13.84,13.86,13.52,13.56,49619400,12.647
2014-06-23,13.92,14.04,13.66,13.76,84095200,12.833
2014-06-20,14.10,14.10,13.94,14.06,49549800,13.113
2014-06-19,14.20,14.26,14.04,14.12,58333900,13.169
2014-06-18,13.82,14.08,13.82,14.04,49657300,13.094
2014-06-17,13.94,14.08,13.84,13.98,52774100,13.038
2014-06-16,13.74,14.00,13.74,13.90,40231700,12.964
2014-06-13,13.62,13.98,13.60,13.86,74178800,12.926
2014-06-12,13.48,13.64,13.38,13.60,32471800,12.684
2014-06-11,13.44,13.52,13.32,13.48,28446100,12.572
2014-06-10,13.40,13.60,13.26,13.60,48452200,12.684
2014-06-09,13.32,13.38,13.22,13.28,20475000,12.385
2014-06-06,13.28,13.38,13.12,13.16,31307600,12.273
2014-06-05,13.36,13.36,13.24,13.28,22314800,12.385
2014-06-04,13.66,13.66,13.48,13.58,26514900,12.367
2014-06-03,13.36,13.66,13.36,13.64,52759400,12.421
2014-06-02,13.30,13.30,13.30,13.30,000,12.112
2014-05-30,13.56,13.64,13.26,13.30,86334100,12.112
2014-05-29,13.80,13.84,13.54,13.58,48986700,12.367
2014-05-28,13.78,13.88,13.68,13.82,49340400,12.585
2014-05-27,13.56,13.72,13.32,13.66,32298800,12.44
2014-05-26,13.72,13.82,13.52,13.56,26125900,12.349
2014-05-23,13.70,13.78,13.50,13.62,37820200,12.403
2014-05-22,13.50,13.70,13.34,13.62,47907800,12.403
2014-05-21,13.28,13.46,13.22,13.42,40947600,12.221
2014-05-20,13.22,13.34,13.12,13.24,28441400,12.057
2014-05-19,13.28,13.28,13.08,13.28,24956500,12.094
2014-05-16,13.10,13.34,13.06,13.30,23962600,12.112
2014-05-15,13.28,13.30,13.16,13.28,28594400,12.094
2014-05-14,13.22,13.38,13.12,13.30,54316100,12.112
2014-05-13,13.12,13.12,12.94,13.10,39028000,11.93
2014-05-12,12.90,13.08,12.68,12.96,45777900,11.802
2014-05-09,12.80,12.90,12.64,12.84,52072900,11.693
2014-05-08,12.64,12.92,12.64,12.86,61564300,11.711
2014-05-07,12.68,12.70,12.44,12.50,60584500,11.383
2014-05-06,12.62,12.62,12.62,12.62,000,11.493
2014-05-05,12.70,12.90,12.52,12.62,42078000,11.493
2014-05-02,12.56,12.82,12.56,12.74,52709200,11.602
2014-05-01,12.82,12.82,12.82,12.82,000,11.675
2014-04-30,12.86,12.86,12.64,12.82,71678000,11.675
2014-04-29,12.78,13.02,12.66,12.96,61691900,11.802
2014-04-28,12.48,12.74,12.48,12.68,58749200,11.547
2014-04-25,12.70,12.76,12.50,12.54,48282100,11.42
2014-04-24,12.60,12.74,12.60,12.70,59852700,11.565
2014-04-23,13.16,13.16,12.68,12.78,54757400,11.638
2014-04-22,12.90,12.98,12.76,12.94,43725500,11.784
2014-04-21,12.88,12.88,12.88,12.88,000,11.729
2014-04-18,12.88,12.88,12.88,12.88,000,11.729
2014-04-17,12.78,12.94,12.76,12.88,50738600,11.729
2014-04-16,12.68,12.88,12.62,12.70,36932300,11.565
2014-04-15,13.20,13.20,12.60,12.66,75610500,11.529
2014-04-14,12.82,13.08,12.80,12.96,65285300,11.802
2014-04-11,12.80,12.94,12.68,12.80,94436800,11.656
2014-04-10,12.72,12.86,12.46,12.80,102305900,11.656
2014-04-09,12.66,12.86,12.60,12.68,92370300,11.547
2014-04-08,12.30,12.60,12.30,12.58,87338700,11.456
2014-04-07,12.20,12.24,12.10,12.22,64160200,11.128
2014-04-04,11.82,12.18,11.82,12.02,87241900,10.946
2014-04-03,11.88,11.92,11.78,11.82,108448100,10.764
2014-04-02,11.82,11.82,11.64,11.70,70183200,10.655
2014-04-01,11.78,11.86,11.60,11.68,101748400,10.637
2014-03-31,11.90,11.90,11.54,11.66,200210600,10.618
2014-03-28,12.20,12.34,12.20,12.32,53728600,11.219
2014-03-27,12.28,12.28,12.12,12.18,71467700,11.092
2014-03-26,12.14,12.22,11.98,12.04,65923600,10.964
2014-03-25,12.20,12.20,11.86,11.96,52412900,10.891
2014-03-24,12.06,12.20,11.98,12.20,61069200,11.11
2014-03-21,11.64,11.96,11.46,11.92,85607400,10.855
2014-03-20,11.78,11.84,11.60,11.62,56077200,10.582
2014-03-19,11.74,11.88,11.52,11.76,73568200,10.709
2014-03-18,11.70,11.76,11.42,11.60,82545700,10.564
2014-03-17,11.50,11.66,11.44,11.56,54685900,10.527
2014-03-14,11.66,11.76,11.56,11.62,67967100,10.582
2014-03-13,11.72,11.86,11.54,11.58,61953400,10.545
2014-03-12,11.66,11.82,11.64,11.68,54252400,10.637
2014-03-11,12.00,12.08,11.70,11.76,102787200,10.709
2014-03-10,12.18,12.26,11.90,12.08,76283200,11.001
2014-03-07,12.54,12.64,12.42,12.44,41362600,11.329
2014-03-06,12.40,12.64,12.34,12.54,53373500,11.42
2014-03-05,12.60,12.66,12.30,12.36,54305000,11.256
2014-03-04,12.42,12.68,12.42,12.58,46632400,11.456
2014-03-03,12.58,12.70,12.46,12.56,47472500,11.438
2014-02-28,13.06,13.06,12.64,12.72,69988700,11.584
2014-02-27,12.62,12.82,12.48,12.76,54485300,11.62
2014-02-26,12.46,12.68,12.32,12.54,60465600,11.42
2014-02-25,12.40,12.52,12.34,12.46,59710100,11.347
2014-02-24,12.46,12.48,12.12,12.26,37042000,11.165
2014-02-21,12.46,12.52,12.22,12.40,62255100,11.292
2014-02-20,12.46,12.78,12.30,12.34,73307000,11.238
2014-02-19,12.72,12.76,12.50,12.62,45957700,11.493
2014-02-18,12.88,12.90,12.74,12.78,23870800,11.638
2014-02-17,12.74,12.84,12.64,12.82,23620500,11.675
2014-02-14,12.78,12.84,12.54,12.74,52672900,11.602
2014-02-13,12.82,12.84,12.62,12.66,65229900,11.529
2014-02-12,12.88,12.98,12.78,12.96,113310700,11.802
2014-02-11,12.34,12.74,12.26,12.68,117362900,11.547
2014-02-10,12.22,12.34,12.04,12.10,93776100,11.019
2014-02-07,11.96,12.22,11.84,12.12,126844200,11.037
2014-02-06,11.56,11.84,11.56,11.66,80130100,10.618
2014-02-05,11.66,11.76,11.48,11.58,86041500,10.545
2014-02-04,11.68,11.78,11.52,11.54,123852000,10.509
2014-02-03,12.20,12.20,12.20,12.20,000,11.11
2014-01-31,12.20,12.20,12.20,12.20,000,11.11
2014-01-30,12.14,12.24,11.94,12.20,61909000,11.11
2014-01-29,12.26,12.38,12.16,12.18,89645500,11.092
2014-01-28,12.14,12.34,12.12,12.16,91485200,11.074
2014-01-27,12.46,12.46,12.20,12.22,125816300,11.128
2014-01-24,12.76,12.76,12.62,12.66,85540500,11.529
2014-01-23,12.82,12.90,12.70,12.74,107761500,11.602
2014-01-22,12.74,12.88,12.72,12.86,154203400,11.711
2014-01-21,13.28,13.34,13.06,13.08,185220200,11.911
2014-01-20,13.72,14.06,13.72,13.96,51095800,12.713
2014-01-17,13.78,14.02,13.66,13.86,65375800,12.622
2014-01-16,13.88,13.88,13.58,13.76,51727000,12.531
2014-01-15,13.98,13.98,13.78,13.82,34042200,12.585
2014-01-14,13.60,13.86,13.52,13.84,44320300,12.604
2014-01-13,13.88,13.98,13.62,13.90,55234200,12.658
2014-01-10,13.60,13.84,13.52,13.76,71735200,12.531
2014-01-09,13.98,14.24,13.80,13.88,68570000,12.64
2014-01-08,13.72,14.18,13.64,13.98,78567100,12.731
2014-01-07,13.70,13.76,13.58,13.66,46244600,12.44
2014-01-06,13.74,13.90,13.64,13.84,54753200,12.604
2014-01-03,14.10,14.18,13.80,13.82,71543300,12.585
2014-01-02,14.54,14.56,14.22,14.38,35595300,13.095
2014-01-01,14.42,14.42,14.42,14.42,000,13.132
2013-12-31,14.48,14.66,14.36,14.42,32261800,13.132
2013-12-30,14.28,14.44,14.22,14.32,33765800,13.041
2013-12-27,14.26,14.36,14.02,14.32,31308000,13.041
2013-12-26,14.34,14.34,14.34,14.34,000,13.059
2013-12-25,14.34,14.34,14.34,14.34,000,13.059
2013-12-24,14.38,14.40,14.20,14.34,31313000,13.059
2013-12-23,14.36,14.40,14.16,14.24,45063100,12.968
2013-12-20,14.18,14.24,13.86,14.14,71865600,12.877
2013-12-19,14.40,14.46,14.04,14.16,64369100,12.895
2013-12-18,14.30,14.44,14.14,14.24,67688700,12.968
2013-12-17,14.70,14.80,14.12,14.18,147415100,12.913
2013-12-16,14.90,15.08,14.58,14.70,98515100,13.387
2013-12-13,15.10,15.22,15.02,15.08,59327500,13.733
2013-12-12,15.20,15.30,15.14,15.20,64564900,13.842
2013-12-11,15.64,15.72,15.30,15.44,54393900,14.061
2013-12-10,15.38,15.76,15.38,15.68,42196500,14.279
2013-12-09,15.68,15.76,15.50,15.56,38056000,14.17
2013-12-06,15.56,15.76,15.56,15.58,48457700,14.188
2013-12-05,15.62,15.82,15.60,15.76,36375700,14.352
2013-12-04,15.82,15.90,15.72,15.76,44981600,14.352
2013-12-03,15.84,16.02,15.78,15.96,77073700,14.534
2013-12-02,16.06,16.06,15.76,15.98,51026100,14.552
2013-11-29,15.80,15.92,15.70,15.88,37891400,14.461
2013-11-28,15.64,15.84,15.62,15.70,32355800,14.297
2013-11-27,15.58,15.72,15.44,15.58,58656900,14.188
2013-11-26,15.66,15.78,15.58,15.58,47273100,14.188
2013-11-25,15.80,15.80,15.52,15.70,44274200,14.297
2013-11-22,15.72,15.98,15.66,15.70,46153800,14.297
2013-11-21,15.60,15.76,15.58,15.66,37339000,14.261
2013-11-20,15.86,15.96,15.64,15.76,60622200,14.352
2013-11-19,15.88,16.04,15.70,15.86,71285600,14.443
2013-11-18,15.58,15.86,15.52,15.82,82583600,14.407
2013-11-15,15.06,15.34,15.04,15.28,51732800,13.915
2013-11-14,14.92,15.04,14.82,14.98,42798800,13.642
2013-11-13,15.08,15.12,14.84,14.86,62975000,13.532
2013-11-12,15.50,15.52,15.22,15.26,39845900,13.897
2013-11-11,15.28,15.52,15.20,15.50,53889300,14.115
2013-11-08,15.14,15.32,15.14,15.28,41998100,13.915
2013-11-07,15.42,15.50,15.30,15.44,37213000,14.061
2013-11-06,15.36,15.58,15.28,15.50,41759200,14.115
2013-11-05,15.70,15.70,15.30,15.44,33221400,14.061
2013-11-04,15.66,15.68,15.46,15.52,51298900,14.133
2013-11-01,15.84,15.88,15.70,15.78,47715200,14.37
2013-10-31,15.76,16.00,15.66,15.92,55367400,14.498
2013-10-30,15.60,15.82,15.50,15.78,51167700,14.37
2013-10-29,15.30,15.56,15.30,15.38,40313500,14.006
2013-10-28,15.18,15.34,15.14,15.28,32727400,13.915
2013-10-25,15.10,15.20,14.98,15.08,54074500,13.733
2013-10-24,15.40,15.40,15.12,15.28,56526200,13.915
2013-10-23,15.84,15.88,15.38,15.40,91120900,14.024
2013-10-22,15.74,15.94,15.72,15.88,42483700,14.461
2013-10-21,16.00,16.10,15.84,15.98,35026600,14.552
2013-10-18,16.00,16.08,15.94,16.06,44830300,14.625
2013-10-17,16.00,16.10,15.94,15.98,41178600,14.552
2013-10-16,16.00,16.04,15.92,16.00,33254200,14.571
2013-10-15,16.12,16.12,15.88,15.96,45361100,14.534
2013-10-14,15.84,15.84,15.84,15.84,000,14.425
2013-10-11,15.84,15.88,15.74,15.84,50903600,14.425
2013-10-10,15.60,15.68,15.30,15.54,63581000,14.152
2013-10-09,15.96,15.96,15.70,15.74,59891700,14.334
2013-10-08,15.88,16.12,15.72,16.10,36464300,14.662
2013-10-07,16.06,16.06,15.76,15.84,24210000,14.425
2013-10-04,15.98,16.06,15.80,16.02,27234400,14.589
2013-10-03,15.88,16.00,15.84,15.98,29162400,14.552
2013-10-02,15.62,15.84,15.60,15.64,46574600,14.243
2013-10-01,15.78,15.78,15.78,15.78,000,14.37
2013-09-30,15.88,15.98,15.76,15.78,64610600,14.37
2013-09-27,15.76,16.10,15.76,15.98,59652300,14.552
2013-09-26,15.96,15.96,15.72,15.74,31763100,14.334
2013-09-25,15.82,15.90,15.68,15.80,35480000,14.388
2013-09-24,16.08,16.08,15.72,15.80,46711000,14.388
2013-09-23,15.70,16.30,15.70,16.04,49295900,14.607
2013-09-20,16.08,16.08,16.08,16.08,000,14.643
2013-09-19,16.40,16.48,16.04,16.08,61066100,14.643
2013-09-18,16.02,16.02,15.80,15.98,40202000,14.552
2013-09-17,16.36,16.36,15.88,16.04,59624100,14.607
2013-09-16,16.28,16.30,16.14,16.20,41303200,14.753
2013-09-13,16.20,16.20,16.04,16.08,60923700,14.643
2013-09-12,16.22,16.28,16.00,16.06,49915100,14.625
2013-09-11,16.38,16.40,15.94,16.22,65033100,14.771
2013-09-10,16.30,16.38,16.08,16.28,63060700,14.826
2013-09-09,16.00,16.22,15.90,16.20,58822700,14.753
2013-09-06,15.86,16.00,15.76,15.94,52522700,14.516
2013-09-05,16.00,16.00,15.82,15.86,50144500,14.443
2013-09-04,15.86,16.00,15.70,15.94,38173900,14.288
2013-09-03,15.98,15.98,15.86,15.94,39289800,14.288
2013-09-02,15.60,15.96,15.58,15.88,82783900,14.234
2013-08-30,15.32,15.56,15.24,15.40,69712600,13.804
2013-08-29,15.80,15.90,15.42,15.52,80094100,13.912
2013-08-28,15.22,15.78,15.16,15.56,119970000,13.948
2013-08-27,15.50,15.56,15.24,15.46,53906100,13.858
2013-08-26,15.64,15.80,15.62,15.64,70628500,14.019
2013-08-23,15.58,15.64,15.48,15.62,97391000,14.001
2013-08-22,15.42,15.70,15.32,15.50,117389500,13.894
2013-08-21,15.44,15.70,15.34,15.54,191917000,13.93
2013-08-20,15.18,15.18,14.76,14.82,66151400,13.284
2013-08-19,14.92,15.14,14.78,15.08,101373100,13.517
2013-08-16,14.70,14.98,14.56,14.78,86560500,13.248
2013-08-15,14.46,14.74,14.46,14.68,74854700,13.159
2013-08-14,14.56,14.56,14.56,14.56,000,13.051
2013-08-13,14.48,14.58,14.34,14.56,52389000,13.051
2013-08-12,13.98,14.48,13.96,14.36,84906700,12.872
2013-08-09,13.88,14.06,13.88,14.00,31833400,12.549
2013-08-08,13.88,14.02,13.82,13.88,27277800,12.442
2013-08-07,13.82,14.04,13.82,13.88,36770900,12.442
2013-08-06,14.24,14.24,13.74,14.02,32970800,12.567
2013-08-05,14.28,14.30,14.06,14.20,21945700,12.729
2013-08-02,14.24,14.32,14.18,14.22,28310700,12.746
2013-08-01,14.06,14.26,14.06,14.16,31267300,12.693
2013-07-31,13.94,14.10,13.90,14.00,37221600,12.549
2013-07-30,14.06,14.14,13.94,14.12,33327400,12.657
2013-07-29,14.20,14.22,13.92,14.06,31585100,12.603
2013-07-26,14.10,14.36,14.10,14.28,26521700,12.80
2013-07-25,14.16,14.30,14.12,14.20,26182600,12.729
2013-07-24,14.20,14.38,14.10,14.30,58464000,12.818
2013-07-23,14.00,14.30,13.94,14.28,72785700,12.80
2013-07-22,14.00,14.00,13.74,13.92,20501600,12.478
2013-07-19,13.98,13.98,13.70,13.86,38178400,12.424
2013-07-18,13.96,13.96,13.66,13.82,36428900,12.388
2013-07-17,13.76,13.82,13.44,13.78,37980300,12.352
2013-07-16,13.70,13.80,13.60,13.72,50605600,12.298
2013-07-15,13.58,13.74,13.50,13.62,40988800,12.209
2013-07-12,13.70,13.76,13.54,13.70,57432600,12.28
2013-07-11,13.24,13.80,13.24,13.64,75842800,12.227
2013-07-10,13.18,13.32,12.82,13.10,50487000,11.743
2013-07-09,13.04,13.18,12.96,13.16,34662100,11.796
2013-07-08,12.82,13.32,12.70,13.14,61421600,11.778
2013-07-05,13.00,13.16,12.94,13.08,34773800,11.725
2013-07-04,12.66,13.08,12.64,12.80,46222500,11.474
2013-07-03,12.70,12.80,12.50,12.54,62639100,11.241
2013-07-02,13.50,13.56,12.92,12.94,63744300,11.599
2013-07-01,13.16,13.16,13.16,13.16,000,11.796
2013-06-28,12.84,13.20,12.70,13.16,63047700,11.796
2013-06-27,12.84,12.94,12.68,12.78,57392600,11.456
2013-06-26,12.62,12.62,12.26,12.52,60599900,11.223
2013-06-25,12.44,12.52,12.04,12.28,60238500,11.008
2013-06-24,12.60,12.72,12.30,12.34,58486900,11.061
2013-06-21,12.70,12.88,12.50,12.72,107264600,11.402
2013-06-20,13.40,13.42,12.92,13.00,99683700,11.653
2013-06-19,13.48,13.78,13.48,13.60,75001200,12.191
2013-06-18,13.44,13.68,13.42,13.62,61486100,12.209
2013-06-17,13.18,13.70,13.18,13.58,79976400,12.173
2013-06-14,13.04,13.26,13.00,13.04,71262400,11.689
2013-06-13,13.24,13.24,12.66,12.90,79288000,11.563
2013-06-12,13.22,13.22,13.22,13.22,000,11.85
2013-06-11,13.48,13.48,13.18,13.22,43902000,11.85
2013-06-10,13.46,13.58,13.26,13.48,42903100,12.083
2013-06-07,13.54,13.62,13.32,13.42,41246200,12.029
2013-06-06,13.46,13.56,13.40,13.44,54187500,12.047
2013-06-05,13.80,13.84,13.66,13.76,39716300,12.334
2013-06-04,13.92,13.92,13.62,13.78,40536100,12.352
2013-06-03,13.84,14.02,13.72,13.74,63515300,12.316
2013-05-31,13.72,13.90,13.62,13.72,65446000,12.298
2013-05-30,13.80,13.94,13.64,13.76,44772900,12.334
2013-05-29,14.18,14.18,13.92,13.94,51657000,12.209
2013-05-28,13.98,14.22,13.94,14.18,36842400,12.419
2013-05-27,13.84,14.02,13.82,13.94,35010800,12.209
2013-05-24,13.98,14.14,13.88,13.92,56921100,12.191
2013-05-23,14.46,14.58,13.92,14.06,82194900,12.314
2013-05-22,14.44,14.62,14.32,14.42,45383200,12.629
2013-05-21,14.54,14.54,14.36,14.42,36336800,12.629
2013-05-20,14.46,14.62,14.42,14.48,42992700,12.682
2013-05-17,14.24,14.24,14.24,14.24,000,12.471
2013-05-16,14.16,14.38,14.06,14.24,72173400,12.471
2013-05-15,14.50,14.54,14.36,14.44,57866200,12.647
2013-05-14,14.50,14.56,14.22,14.32,51132300,12.541
2013-05-13,14.64,14.64,14.32,14.40,53366700,12.612
2013-05-10,14.72,14.78,14.60,14.76,33799400,12.927
2013-05-09,14.80,14.80,14.48,14.70,59618500,12.874
2013-05-08,14.72,14.80,14.70,14.78,44821200,12.944
2013-05-07,14.50,14.62,14.36,14.58,53641100,12.769
2013-05-06,14.48,14.52,14.32,14.38,49023200,12.594
2013-05-03,14.20,14.34,14.12,14.18,37187500,12.419
2013-05-02,14.18,14.30,14.10,14.16,60505700,12.401
2013-05-01,14.48,14.48,14.48,14.48,000,12.682
2013-04-30,14.60,14.60,14.30,14.48,66687100,12.682
2013-04-29,14.28,14.46,14.24,14.34,36977100,12.559
2013-04-26,14.48,14.58,14.22,14.40,74061700,12.612
2013-04-25,14.26,14.46,14.22,14.44,69678500,12.647
2013-04-24,14.00,14.16,13.94,14.04,55171100,12.296
2013-04-23,13.86,13.88,13.74,13.78,48737000,12.069
2013-04-22,13.80,13.96,13.76,13.86,61902400,12.139
2013-04-19,13.36,13.84,13.36,13.80,57906100,12.086
2013-04-18,13.60,13.60,13.32,13.40,47857500,11.736
2013-04-17,13.74,13.84,13.42,13.44,100356100,11.771
2013-04-16,13.42,13.62,13.30,13.48,79927700,11.806
2013-04-15,14.00,14.02,13.54,13.74,90768800,12.033
2013-04-12,14.24,14.32,14.08,14.18,43425500,12.419
2013-04-11,14.34,14.56,14.24,14.26,37486700,12.489
2013-04-10,14.40,14.42,14.10,14.26,71468100,12.489
2013-04-09,14.24,14.46,14.14,14.36,37021600,12.576
2013-04-08,14.24,14.30,14.14,14.22,40975700,12.454
2013-04-05,14.60,14.70,14.24,14.36,78299200,12.576
2013-04-04,14.94,14.94,14.94,14.94,000,13.084
2013-04-03,15.14,15.14,14.86,14.94,31282000,13.084
2013-04-02,14.90,15.14,14.88,15.08,57590700,13.207
2013-04-01,14.92,14.92,14.92,14.92,000,13.067
2013-03-29,14.92,14.92,14.92,14.92,000,13.067
2013-03-28,14.92,15.00,14.82,14.92,50786400,13.067
2013-03-27,15.18,15.28,14.94,15.10,52017900,13.225
2013-03-26,15.14,15.14,14.80,15.06,76559400,13.19
2013-03-25,14.70,15.14,14.70,14.92,137979000,13.067
2013-03-22,14.40,14.42,14.12,14.32,52048200,12.541
2013-03-21,14.58,14.58,14.36,14.44,57546600,12.647
2013-03-20,14.28,14.48,14.24,14.44,43901900,12.647
2013-03-19,14.54,14.60,14.22,14.28,74339200,12.506
2013-03-18,14.56,14.56,14.34,14.46,88693900,12.664
2013-03-15,14.46,14.76,14.40,14.66,136949200,12.839
2013-03-14,14.50,14.70,14.38,14.52,64373900,12.717
2013-03-13,14.64,14.72,14.42,14.44,53208800,12.647
2013-03-12,14.76,14.98,14.62,14.66,49192800,12.839
2013-03-11,15.00,15.12,14.68,14.84,55832700,12.997
2013-03-08,14.74,15.22,14.72,15.00,81772600,13.137
2013-03-07,14.52,14.70,14.42,14.66,41727100,12.839
2013-03-06,14.70,14.78,14.60,14.66,61476900,12.839
2013-03-05,14.80,14.80,14.42,14.58,73459700,12.769
2013-03-04,14.88,14.92,14.42,14.58,83520900,12.769
2013-03-01,15.08,15.18,14.76,14.88,102535200,13.032
2013-02-28,15.06,15.32,15.00,15.24,64094400,13.347
2013-02-27,15.06,15.14,14.88,14.98,47860600,13.119
2013-02-26,15.20,15.28,15.04,15.06,52400100,13.19
2013-02-25,15.38,15.48,15.28,15.32,38164400,13.417
2013-02-22,15.54,15.54,15.28,15.36,48152800,13.452
2013-02-21,15.48,15.58,15.36,15.54,51693500,13.61
2013-02-20,15.88,15.88,15.58,15.72,52398800,13.768
2013-02-19,15.82,15.92,15.64,15.66,59839400,13.715
2013-02-18,16.08,16.08,15.82,15.88,39050200,13.908
2013-02-15,15.84,15.98,15.74,15.96,37905900,13.978
2013-02-14,15.92,15.96,15.70,15.88,59676800,13.908
2013-02-13,15.58,15.58,15.58,15.58,000,13.645
2013-02-12,15.58,15.58,15.58,15.58,000,13.645
2013-02-11,15.58,15.58,15.58,15.58,000,13.645
2013-02-08,15.50,15.70,15.50,15.58,49865300,13.645
2013-02-07,15.54,15.62,15.52,15.60,53195500,13.662
2013-02-06,15.70,15.74,15.50,15.62,71280900,13.68
2013-02-05,15.86,15.86,15.50,15.62,106495300,13.68
2013-02-04,16.12,16.30,15.96,16.00,62627500,14.013
2013-02-01,16.02,16.08,15.86,16.02,47825200,14.03
2013-01-31,15.94,16.06,15.86,16.02,102837600,14.03
2013-01-30,16.22,16.52,16.20,16.40,88388000,14.363
2013-01-29,16.00,16.12,15.82,16.10,52214900,14.10
2013-01-28,15.72,16.08,15.72,15.90,56153600,13.925
2013-01-25,15.80,15.94,15.70,15.82,72431400,13.855
2013-01-24,15.90,16.00,15.72,15.76,99488200,13.803
2013-01-23,16.24,16.24,16.00,16.08,57301800,14.083
2013-01-22,16.24,16.24,16.06,16.16,40526400,14.153
2013-01-21,16.18,16.32,16.12,16.20,79175700,14.188
2013-01-18,16.10,16.42,16.10,16.38,69483800,14.346
2013-01-17,16.14,16.26,16.00,16.02,52390700,14.03
2013-01-16,16.18,16.20,16.00,16.08,54388600,14.083
2013-01-15,16.20,16.36,16.12,16.20,63757600,14.188
2013-01-14,16.34,16.38,16.22,16.34,52524400,14.311
2013-01-11,16.56,16.62,16.04,16.22,112066400,14.205
2013-01-10,16.56,16.76,16.48,16.54,81504800,14.486
2013-01-09,16.60,16.72,16.52,16.64,74156300,14.573
2013-01-08,17.00,17.00,16.72,16.84,60579300,14.748
2013-01-07,17.30,17.32,17.02,17.14,48783700,15.011
2013-01-04,17.26,17.38,17.14,17.34,36921600,15.186
2013-01-03,17.20,17.30,16.88,17.30,63186700,15.151
2013-01-02,16.98,17.32,16.92,17.30,49343900,15.151
2013-01-01,16.78,16.78,16.78,16.78,000,14.696
2012-12-31,16.78,16.86,16.68,16.78,12627400,14.696
2012-12-28,16.78,16.88,16.70,16.84,24987300,14.748
2012-12-27,16.78,16.80,16.66,16.74,33238800,14.661
